0 0 TIDL_cast_in 
1 1 1501 
2 2 941 
3 3 944 
4 4 950 
5 5 947 
6 6 953 
7 7 956 
8 8 957 
9 9 958 
10 10 961 
11 11 964 
12 12 970 
13 13 967 
14 14 973 
15 15 976 
16 16 977 
17 17 980 
18 18 983 
19 19 984 
20 20 987 
21 21 990 
22 22 991 
23 23 992 
24 24 995 
25 25 998 
26 26 1004 
27 27 1001 
28 28 1007 
29 29 1010 
30 30 1011 
31 31 1014 
32 32 1017 
33 33 1018 
34 34 1021 
35 35 1024 
36 36 1025 
37 37 1026 
38 38 1029 
39 39 1032 
40 40 1035 
41 41 1042 
42 42 1038 
43 43 1036 
44 44 1043 
45 45 1039 
46 46 1037 
47 47 1044 
48 48 1040 
49 49 1045 
50 50 1041 
51 51 1046 
52 52 1047 
53 53 1048 
54 54 1051 
55 55 1057 
56 56 1054 
57 57 1060 
58 58 1063 
59 59 1064 
60 60 1067 
61 61 1070 
62 62 1075 
63 63 1076 
64 64 1082 
65 65 1079 
66 66 1085 
67 67 1088 
68 68 1089 
69 69 1092 
70 70 1095 
71 71 1100 
72 72 1101 
73 73 1107 
74 74 1104 
75 75 1110 
76 76 1113 
77 77 1114 
78 78 1117 
79 79 1120 
80 80 1160 
81 81 1121 
82 82 1175 
83 83 1169 
84 84 1127 
85 85 1124 
86 86 1178 
87 87 1172 
88 88 1130 
89 89 1181 
90 90 1180 
91 91 1179 
92 92 1133 
93 93 1182 
94 94 1134 
95 95 1137 
96 96 1140 
97 97 1163 
98 98 1141 
99 99 1191 
100 100 1185 
101 101 1147 
102 102 1144 
103 103 1194 
104 104 1188 
105 105 1150 
106 106 1197 
107 107 1196 
108 108 1195 
109 109 1153 
110 110 1198 
111 111 1154 
112 112 1157 
113 113 1166 
114 114 1207 
115 115 1201 
116 116 1210 
117 117 1204 
118 118 1213 
119 119 1212 
120 120 1211 
121 121 1214 
122 122 dets_det 
123 123 dets 
124 124 labels 
125 0 TIDL_cast_in 
126 0 TIDL_cast_in 
